"","data","stato","codice_regione","denominazione_regione","lat","long","ricoverati_con_sintomi","terapia_intensiva","totale_ospedalizzati","isolamento_domiciliare","totale_positivi","variazione_totale_positivi","nuovi_positivi","dimessi_guariti","deceduti","totale_casi","tamponi","note_it","note_en"
"1","2020-02-24T18:00:00","ITA",18,"Calabria",38.90597598,16.59440194,0,0,0,0,0,0,0,0,0,0,1,"",""
"2","2020-02-25T18:00:00","ITA",18,"Calabria",38.90597598,16.59440194,0,0,0,0,0,0,0,0,0,0,2,"",""
"3","2020-02-26T18:00:00","ITA",18,"Calabria",38.90597598,16.59440194,0,0,0,0,0,0,0,0,0,0,3,"",""
"4","2020-02-27T18:00:00","ITA",18,"Calabria",38.90597598,16.59440194,0,0,0,0,0,0,0,0,0,0,14,"",""
"5","2020-02-28T18:00:00","ITA",18,"Calabria",38.90597598,16.59440194,0,0,0,1,1,1,1,0,0,1,21,"",""
"6","2020-02-29T17:00:00","ITA",18,"Calabria",38.90597598,16.59440194,0,0,0,1,1,0,0,0,0,1,27,"",""
"7","2020-03-01T17:00:00","ITA",18,"Calabria",38.90597598,16.59440194,0,0,0,1,1,0,0,0,0,1,35,"",""
"8","2020-03-02T18:00:00","ITA",18,"Calabria",38.90597598,16.59440194,0,0,0,1,1,0,0,0,0,1,39,"",""
"9","2020-03-03T18:00:00","ITA",18,"Calabria",38.90597598,16.59440194,0,0,0,1,1,0,0,0,0,1,39,"",""
"10","2020-03-04T17:00:00","ITA",18,"Calabria",38.90597598,16.59440194,0,0,0,1,1,0,0,0,0,1,46,"",""
"11","2020-03-05T17:00:00","ITA",18,"Calabria",38.90597598,16.59440194,1,0,1,1,2,1,1,0,0,2,53,"",""
"12","2020-03-06T17:00:00","ITA",18,"Calabria",38.90597598,16.59440194,2,0,2,2,4,2,2,0,0,4,99,"",""
"13","2020-03-07T18:00:00","ITA",18,"Calabria",38.90597598,16.59440194,2,0,2,2,4,0,0,0,0,4,113,"",""
"14","2020-03-08T18:00:00","ITA",18,"Calabria",38.90597598,16.59440194,5,0,5,4,9,5,5,0,0,9,113,"",""
"15","2020-03-09T18:00:00","ITA",18,"Calabria",38.90597598,16.59440194,8,0,8,1,9,0,2,2,0,11,173,"",""
"16","2020-03-10T18:00:00","ITA",18,"Calabria",38.90597598,16.59440194,8,2,10,1,11,2,2,2,0,13,360,"",""
"17","2020-03-11T17:00:00","ITA",18,"Calabria",38.90597598,16.59440194,10,2,12,5,17,6,6,2,0,19,405,"",""
"18","2020-03-12T17:00:00","ITA",18,"Calabria",38.90597598,16.59440194,14,2,16,16,32,15,14,1,0,33,483,"",""
"19","2020-03-13T17:00:00","ITA",18,"Calabria",38.90597598,16.59440194,18,3,21,16,37,5,5,1,0,38,504,"",""
"20","2020-03-14T17:00:00","ITA",18,"Calabria",38.90597598,16.59440194,22,4,26,33,59,22,22,1,0,60,711,"",""
"21","2020-03-15T17:00:00","ITA",18,"Calabria",38.90597598,16.59440194,32,6,38,28,66,7,8,1,1,68,884,"",""
"22","2020-03-16T17:00:00","ITA",18,"Calabria",38.90597598,16.59440194,36,7,43,44,87,21,21,1,1,89,1030,"",""
"23","2020-03-17T17:00:00","ITA",18,"Calabria",38.90597598,16.59440194,45,10,55,57,112,25,25,1,1,114,1293,"",""
"24","2020-03-18T17:00:00","ITA",18,"Calabria",38.90597598,16.59440194,45,11,56,70,126,14,15,2,1,129,1668,"",""
"25","2020-03-19T17:00:00","ITA",18,"Calabria",38.90597598,16.59440194,60,13,73,91,164,38,40,2,3,169,2342,"",""
"26","2020-03-20T17:00:00","ITA",18,"Calabria",38.90597598,16.59440194,71,16,87,114,201,37,38,2,4,207,2690,"",""
"27","2020-03-21T17:00:00","ITA",18,"Calabria",38.90597598,16.59440194,73,16,89,136,225,24,28,5,5,235,3050,"",""
"28","2020-03-22T17:00:00","ITA",18,"Calabria",38.90597598,16.59440194,77,17,94,166,260,35,38,5,8,273,3666,"",""
"29","2020-03-23T17:00:00","ITA",18,"Calabria",38.90597598,16.59440194,82,20,102,178,280,20,19,5,7,292,4073,"",""
"30","2020-03-24T17:00:00","ITA",18,"Calabria",38.90597598,16.59440194,88,21,109,195,304,24,27,5,10,319,4486,"",""
"31","2020-03-25T17:00:00","ITA",18,"Calabria",38.90597598,16.59440194,93,23,116,217,333,29,32,7,11,351,5058,"",""
"32","2020-03-26T17:00:00","ITA",18,"Calabria",38.90597598,16.59440194,101,23,124,248,372,39,42,7,14,393,5933,"",""
"33","2020-03-27T17:00:00","ITA",18,"Calabria",38.90597598,16.59440194,103,22,125,344,469,97,101,7,18,494,6901,"",""
"34","2020-03-28T17:00:00","ITA",18,"Calabria",38.90597598,16.59440194,107,22,129,394,523,54,61,11,21,555,7760,"",""
"35","2020-03-29T17:00:00","ITA",18,"Calabria",38.90597598,16.59440194,124,19,143,434,577,54,59,12,25,614,8485,"",""
"36","2020-03-30T17:00:00","ITA",18,"Calabria",38.90597598,16.59440194,130,18,148,454,602,25,33,14,31,647,9013,"",""
"37","2020-03-31T17:00:00","ITA",18,"Calabria",38.90597598,16.59440194,132,17,149,457,606,4,12,17,36,659,9327,"",""
"38","2020-04-01T17:00:00","ITA",18,"Calabria",38.90597598,16.59440194,144,16,160,450,610,4,10,21,38,669,9983,"",""
"39","2020-04-02T17:00:00","ITA",18,"Calabria",38.90597598,16.59440194,163,19,182,445,627,17,22,23,41,691,10679,"",""
"40","2020-04-03T17:00:00","ITA",18,"Calabria",38.90597598,16.59440194,183,17,200,462,662,35,42,26,45,733,11608,"",""
"41","2020-04-04T17:00:00","ITA",18,"Calabria",38.90597598,16.59440194,178,15,193,469,662,0,8,30,49,741,12314,"",""
"42","2020-04-05T17:00:00","ITA",18,"Calabria",38.90597598,16.59440194,174,13,187,519,706,44,54,33,56,795,13077,"",""
"43","2020-04-06T17:00:00","ITA",18,"Calabria",38.90597598,16.59440194,170,14,184,538,722,16,22,37,58,817,13633,"",""
"44","2020-04-07T17:00:00","ITA",18,"Calabria",38.90597598,16.59440194,169,14,183,550,733,11,16,40,60,833,14072,"",""
"45","2020-04-08T17:00:00","ITA",18,"Calabria",38.90597598,16.59440194,170,15,185,570,755,22,26,44,60,859,14977,"",""
"46","2020-04-09T17:00:00","ITA",18,"Calabria",38.90597598,16.59440194,168,15,183,582,765,10,15,48,61,874,15698,"",""
"47","2020-04-10T17:00:00","ITA",18,"Calabria",38.90597598,16.59440194,168,14,182,604,786,21,27,50,65,901,16637,"",""
"48","2020-04-11T17:00:00","ITA",18,"Calabria",38.90597598,16.59440194,169,15,184,608,792,6,14,57,66,915,17493,"",""
"49","2020-04-12T17:00:00","ITA",18,"Calabria",38.90597598,16.59440194,165,14,179,616,795,3,8,62,66,923,18211,"",""
